0	1941	10	4.90336	3.64664	1
0	1941	11	4.92111	5.70078	0
0	1941	12	4.78045	2.61891	0
0	1942	1	4.44214	7.48263	0
0	1942	2	4.80191	3.65167	0
0	1942	3	4.71148	7.39596	1
0	1942	4	2.35959	11.4598	1
0	1942	5	4.7868	8.73856	0
0	1942	6	1.7369	3.23082	1
1	1942	7	5.00527	5.02907	1
0	1942	8	1.85947	4.47085	0
3	1942	9	4.86524	6.96135	1
0	1942	10	1.88903	9.86286	0
0	1942	11	5.082	5.50247	0
0	1942	12	4.57221	4.11713	1
0	1943	1	5.07122	3.21262	0
0	1943	2	4.87308	3.5797	1
0	1943	3	5.71972	6.84558	1
0	1943	4	2.50858	1.5993	0
0	1943	5	4.89528	3.79789	1
0	1943	6	4.73339	3.94759	1
0	1943	7	5.14148	4.24387	0
0	1943	8	4.90336	3.64664	1
0	1943	9	4.92111	5.70078	0
0	1943	10	4.78045	2.61891	0
0	1943	11	2.12289	7.48263	1
0	1943	12	2.16537	2.19805	1
0	1944	1	4.71148	2.71659	1
0	1944	2	2.35959	11.4598	1
0	1944	3	4.7868	8.73856	0
0	1944	4	1.7369	3.23082	1
0	1944	5	5.00527	5.02907	1
0	1944	6	1.85947	4.47085	0
0	1944	7	4.86524	6.96135	1
0	1944	8	1.88903	9.86286	0
0	1944	9	5.082	5.50247	0
0	1944	10	4.57221	4.11713	1
0	1944	11	2.13516	3.21262	1
0	1944	12	5.30001	8.9693	0
0	1945	1	5.71972	4.40472	1
0	1945	2	2.50858	1.5993	0
0	1945	3	4.89528	3.79789	1
0	1945	4	4.73339	3.94759	1
0	1945	5	5.14148	4.24387	0
0	1945	6	4.90336	3.64664	1
0	1945	7	4.92111	5.70078	0
0	1945	8	4.78045	2.61891	0
0	1945	9	2.12289	7.48263	1
0	1945	10	2.16537	2.19805	1
0	1945	11	2.24554	2.71659	0
0	1945	12	5.06886	5.50712	0
0	1946	1	4.7868	2.30823	0
0	1946	2	1.7369	3.23082	1
0	1946	3	5.00527	5.02907	1
0	1946	4	1.85947	4.47085	0
1	1946	5	4.86524	6.96135	1
0	1946	6	1.88903	9.86286	0
0	1946	7	5.082	5.50247	0
0	1946	8	4.57221	4.11713	1
0	1946	9	2.13516	3.21262	1
0	1946	10	5.30001	8.9693	0
0	1946	11	1.48136	4.40472	0
0	1946	12	5.22598	3.84134	1
0	1947	1	4.89528	3.98601	1
0	1947	2	4.73339	3.94759	1
0	1947	3	5.14148	4.24387	0
0	1947	4	4.90336	3.64664	1
0	1947	5	4.92111	5.70078	0
0	1947	6	4.78045	2.61891	0
0	1947	7	2.12289	7.48263	1
0	1947	8	2.16537	2.19805	1
0	1947	9	2.24554	2.71659	0
0	1947	10	5.06886	5.50712	0
0	1947	11	2.17917	2.30823	1
0	1947	12	2.04099	6.79252	1
0	1948	1	5.00527	4.70356	1
0	1948	2	1.85947	4.47085	0
0	1948	3	4.86524	6.96135	1
0	1948	4	1.88903	9.86286	0
0	1948	5	5.082	5.50247	0
0	1948	6	4.57221	4.11713	1
0	1948	7	2.13516	3.21262	1
0	1948	8	5.30001	8.9693	0
0	1948	9	1.48136	4.40472	0
0	1948	10	5.22598	3.84134	1
0	1948	11	2.04099	3.98601	1
0	1948	12	4.61474	3.76367	0
0	1949	1	5.14148	7.00063	0
0	1949	2	4.90336	3.64664	1
0	1949	3	4.92111	5.70078	0
0	1949	4	4.78045	2.61891	0
0	1949	5	2.12289	7.48263	1
0	1949	6	2.16537	2.19805	1
0	1949	7	2.24554	2.71659	0
0	1949	8	5.06886	5.50712	0
0	1949	9	2.17917	2.30823	1
0	1949	10	2.04099	6.79252	1
0	1949	11	5.05232	4.70356	0
0	1949	12	5.93449	8.77261	1
0	1950	1	4.86524	8.21419	1
0	1950	2	1.88903	9.86286	0
0	1950	3	5.082	5.50247	0
0	1950	4	4.57221	4.11713	1
0	1950	5	2.13516	3.21262	1
0	1950	6	5.30001	8.9693	0
0	1950	7	1.48136	4.40472	0
0	1950	8	5.22598	3.84134	1
0	1950	9	2.04099	3.98601	1
0	1950	10	4.61474	3.76367	0
0	1950	11	1.93296	7.00063	1
0	1950	12	2.01101	3.29302	0
0	1951	1	4.92111	4.11305	0
0	1951	2	4.78045	2.61891	0
0	1951	3	2.12289	7.48263	1
0	1951	4	2.16537	2.19805	1
0	1951	5	2.24554	2.71659	0
0	1951	6	5.06886	5.50712	0
0	1951	7	2.17917	2.30823	1
0	1951	8	2.04099	6.79252	1
0	1951	9	5.05232	4.70356	0
0	1951	10	5.93449	8.77261	1
0	1951	11	1.90748	8.21419	0
0	1951	12	2.00642	12.5045	0
0	1952	1	5.082	5.67424	0
0	1952	2	4.57221	4.11713	1
0	1952	3	2.13516	3.21262	1
0	1952	4	5.30001	8.9693	0
0	1952	5	1.48136	4.40472	0
0	1952	6	5.22598	3.84134	1
0	1952	7	2.04099	3.98601	1
0	1952	8	4.61474	3.76367	0
0	1952	9	1.93296	7.00063	1
0	1952	10	2.01101	3.29302	0
0	1952	11	0.984383	4.11305	0
0	1952	12	4.26814	6.16625	1
0	1953	1	2.12289	3.79752	1
0	1953	2	2.16537	2.19805	1
0	1953	3	2.24554	2.71659	0
0	1953	4	5.06886	5.50712	0
0	1953	5	2.17917	2.30823	1
0	1953	6	2.04099	6.79252	1
0	1953	7	5.05232	4.70356	0
0	1953	8	5.93449	8.77261	1
0	1953	9	1.90748	8.21419	0
0	1953	10	2.00642	12.5045	0
0	1953	11	1.3212	5.67424	1
0	1953	12	2.49088	12.1248	1
0	1954	1	2.13516	4.82441	1
0	1954	2	5.30001	8.9693	0
0	1954	3	1.48136	4.40472	0
0	1954	4	5.22598	3.84134	1
0	1954	5	2.04099	3.98601	1
0	1954	6	4.61474	3.76367	0
0	1954	7	1.93296	7.00063	1
0	1954	8	2.01101	3.29302	0
0	1954	9	0.984383	4.11305	0
0	1954	10	4.26814	6.16625	1
0	1954	11	2.86664	3.79752	1
0	1954	12	2.02972	6.37044	0
0	1955	1	2.24554	6.56698	0
0	1955	2	5.06886	5.50712	0
0	1955	3	2.17917	2.30823	1
0	1955	4	2.04099	6.79252	1
0	1955	5	5.05232	4.70356	0
0	1955	6	5.93449	8.77261	1
0	1955	7	1.90748	8.21419	0
0	1955	8	2.00642	12.5045	0
0	1955	9	1.3212	5.67424	1
0	1955	10	2.49088	12.1248	1
0	1955	11	5.05872	4.82441	0
0	1955	12	4.63601	5.01593	0
0	1956	1	1.48136	3.47738	0
0	1956	2	5.22598	3.84134	1
0	1956	3	2.04099	3.98601	1
0	1956	4	4.61474	3.76367	0
0	1956	5	1.93296	7.00063	1
0	1956	6	2.01101	3.29302	0
0	1956	7	0.984383	4.11305	0
0	1956	8	4.26814	6.16625	1
0	1956	9	2.86664	3.79752	1
0	1956	10	2.02972	6.37044	0
0	1956	11	1.54574	6.56698	0
0	1956	12	1.62851	2.9844	0
0	1957	1	2.17917	8.54619	1
0	1957	2	2.04099	6.79252	1
0	1957	3	5.05232	4.70356	0
0	1957	4	5.93449	8.77261	1
0	1957	5	1.90748	8.21419	0
0	1957	6	2.00642	12.5045	0
0	1957	7	1.3212	5.67424	1
0	1957	8	2.49088	12.1248	1
0	1957	9	5.05872	4.82441	0
0	1957	10	4.63601	5.01593	0
0	1957	11	4.71595	3.47738	0
0	1957	12	1.63862	6.20341	0
0	1958	1	2.04099	9.93982	1
0	1958	2	4.61474	3.76367	0
0	1958	3	1.93296	7.00063	1
0	1958	4	2.01101	3.29302	0
0	1958	5	0.984383	4.11305	0
0	1958	6	4.26814	6.16625	1
0	1958	7	2.86664	3.79752	1
0	1958	8	2.02972	6.37044	0
0	1958	9	1.54574	6.56698	0
0	1958	10	1.62851	2.9844	0
0	1958	11	4.96292	8.54619	0
0	1958	12	5.19528	2.69254	0
0	1959	1	5.05232	3.71616	0
0	1959	2	5.93449	8.77261	1
0	1959	3	1.90748	8.21419	0
0	1959	4	2.00642	12.5045	0
0	1959	5	1.3212	5.67424	1
0	1959	6	2.49088	12.1248	1
0	1959	7	5.05872	4.82441	0
0	1959	8	4.63601	5.01593	0
0	1959	9	4.71595	3.47738	0
0	1959	10	1.63862	6.20341	0
0	1959	11	1.76417	9.93982	0
0	1959	12	4.31004	27.7057	1
0	1960	1	1.93296	5.57203	1
0	1960	2	2.01101	3.29302	0
0	1960	3	0.984383	4.11305	0
0	1960	4	4.26814	6.16625	1
0	1960	5	2.86664	3.79752	1
0	1960	6	2.02972	6.37044	0
0	1960	7	1.54574	6.56698	0
0	1960	8	1.62851	2.9844	0
0	1960	9	4.96292	8.54619	0
0	1960	10	5.19528	2.69254	0
0	1960	11	2.08393	3.71616	1
0	1960	12	1.8035	8.05878	0
0	1961	1	1.90748	8.84012	0
0	1961	2	2.00642	12.5045	0
0	1961	3	1.3212	5.67424	1
0	1961	4	2.49088	12.1248	1
0	1961	5	5.05872	4.82441	0
0	1961	6	4.63601	5.01593	0
0	1961	7	4.71595	3.47738	0
0	1961	8	1.63862	6.20341	0
0	1961	9	1.76417	9.93982	0
0	1961	10	4.31004	27.7057	1
0	1961	11	5.76926	5.57203	0
0	1961	12	5.17467	3.76699	0
0	1962	1	0.984383	2.27801	0
0	1962	2	4.26814	6.16625	1
0	1962	3	2.86664	3.79752	1
0	1962	4	2.02972	6.37044	0
0	1962	5	1.54574	6.56698	0
0	1962	6	1.62851	2.9844	0
0	1962	7	4.96292	8.54619	0
0	1962	8	5.19528	2.69254	0
0	1962	9	2.08393	3.71616	1
0	1962	10	1.8035	8.05878	0
0	1962	11	2.13326	8.84012	0
0	1962	12	4.72519	3.01107	0
0	1963	1	1.3212	3.42	1
0	1963	2	2.49088	12.1248	1
0	1963	3	5.05872	4.82441	0
0	1963	4	4.63601	5.01593	0
0	1963	5	4.71595	3.47738	0
0	1963	6	1.63862	6.20341	0
0	1963	7	1.76417	9.93982	0
0	1963	8	4.31004	27.7057	1
0	1963	9	5.76926	5.57203	0
0	1963	10	5.17467	3.76699	0
0	1963	11	1.7324	2.27801	0
0	1963	12	1.82551	13.5607	0
0	1964	1	2.86664	7.13992	1
0	1964	2	2.02972	6.37044	0
0	1964	3	1.54574	6.56698	0
0	1964	4	1.62851	2.9844	0
0	1964	5	4.96292	8.54619	0
0	1964	6	5.19528	2.69254	0
0	1964	7	2.08393	3.71616	1
0	1964	8	1.8035	8.05878	0
0	1964	9	2.13326	8.84012	0
0	1964	10	4.72519	3.01107	0
0	1964	11	1.16107	3.42	0
0	1964	12	2.02111	4.11909	2
0	1965	1	5.05872	6.83898	0
0	1965	2	4.63601	5.01593	0
0	1965	3	4.71595	3.47738	0
0	1965	4	1.63862	6.20341	0
0	1965	5	1.76417	9.93982	0
0	1965	6	4.31004	27.7057	1
0	1965	7	5.76926	5.57203	0
0	1965	8	5.17467	3.76699	0
0	1965	9	1.7324	2.27801	0
0	1965	10	1.82551	13.5607	0
0	1965	11	4.75363	7.13992	2
0	1965	12	4.87894	2.5856	0
0	1966	1	1.54574	3.46666	0
0	1966	2	1.62851	2.9844	0
0	1966	3	4.96292	8.54619	0
0	1966	4	5.19528	2.69254	0
0	1966	5	2.08393	3.71616	1
0	1966	6	1.8035	8.05878	0
0	1966	7	2.13326	8.84012	0
0	1966	8	4.72519	3.01107	0
0	1966	9	1.16107	3.42	0
21	1966	10	2.02111	4.11909	2
0	1966	11	1.86948	6.83898	0
0	1966	12	4.78187	7.05647	1
0	1967	1	4.71595	5.30298	0
0	1967	2	1.63862	6.20341	0
0	1967	3	1.76417	9.93982	0
0	1967	4	4.31004	27.7057	1
0	1967	5	5.76926	5.57203	0
0	1967	6	5.17467	3.76699	0
0	1967	7	1.7324	2.27801	0
0	1967	8	1.82551	13.5607	0
144	1967	9	4.75363	7.13992	2
0	1967	10	4.87894	2.5856	0
0	1967	11	1.78296	3.46666	1
0	1967	12	2.66127	5.274	0
0	1968	1	4.96292	4.42851	0
0	1968	2	5.19528	2.69254	0
0	1968	3	2.08393	3.71616	1
0	1968	4	1.8035	8.05878	0
0	1968	5	2.13326	8.84012	0
0	1968	6	4.72519	3.01107	0
0	1968	7	1.16107	3.42	0
0	1968	8	2.02111	4.11909	2
0	1968	9	1.86948	6.83898	0
0	1968	10	4.78187	7.05647	1
0	1968	11	2.3864	5.30298	0
0	1968	12	4.73162	4.7997	1
0	1969	1	1.76417	2.94961	0
0	1969	2	4.31004	27.7057	1
0	1969	3	5.76926	5.57203	0
0	1969	4	5.17467	3.76699	0
0	1969	5	1.7324	2.27801	0
0	1969	6	1.82551	13.5607	0
0	1969	7	4.75363	7.13992	2
0	1969	8	4.87894	2.5856	0
0	1969	9	1.78296	3.46666	1
0	1969	10	2.66127	5.274	0
0	1969	11	1.56536	4.42851	1
0	1969	12	1.04863	3.7138	1
0	1970	1	2.08393	3.96672	1
0	1970	2	1.8035	8.05878	0
0	1970	3	2.13326	8.84012	0
0	1970	4	4.72519	3.01107	0
0	1970	5	1.16107	3.42	0
0	1970	6	2.02111	4.11909	2
0	1970	7	1.86948	6.83898	0
0	1970	8	4.78187	7.05647	1
0	1970	9	2.3864	5.30298	0
0	1970	10	4.73162	4.7997	1
0	1970	11	2.00263	2.94961	1
0	1970	12	5.65291	2.34655	0
0	1971	1	5.76926	8.46873	0
0	1971	2	5.17467	3.76699	0
0	1971	3	1.7324	2.27801	0
0	1971	4	1.82551	13.5607	0
0	1971	5	4.75363	7.13992	2
0	1971	6	4.87894	2.5856	0
0	1971	7	1.78296	3.46666	1
0	1971	8	2.66127	5.274	0
182	1971	9	1.56536	4.42851	1
0	1971	10	1.04863	3.7138	1
0	1971	11	5.13177	3.96672	0
0	1971	12	1.85957	2.91281	0
0	1972	1	2.13326	8.14138	0
0	1972	2	4.72519	3.01107	0
0	1972	3	1.16107	3.42	0
0	1972	4	2.02111	4.11909	2
0	1972	5	1.86948	6.83898	0
0	1972	6	4.78187	7.05647	1
0	1972	7	2.3864	5.30298	0
14	1972	8	4.73162	4.7997	1
115	1972	9	2.00263	2.94961	1
0	1972	10	5.65291	2.34655	0
0	1972	11	5.09513	8.46873	0
0	1972	12	1.8937	5.87293	0
0	1973	1	1.7324	2.6567	0
0	1973	2	1.82551	13.5607	0
0	1973	3	4.75363	7.13992	2
0	1973	4	4.87894	2.5856	0
0	1973	5	1.78296	3.46666	1
0	1973	6	2.66127	5.274	0
18	1973	7	1.56536	4.42851	1
0	1973	8	1.04863	3.7138	1
0	1973	9	5.13177	3.96672	0
0	1973	10	1.85957	2.91281	0
0	1973	11	1.4234	8.14138	0
0	1973	12	1.3232	4.43128	0
0	1974	1	1.16107	4.50164	0
0	1974	2	2.02111	4.11909	2
0	1974	3	1.86948	6.83898	0
0	1974	4	4.78187	7.05647	1
0	1974	5	2.3864	5.30298	0
0	1974	6	4.73162	4.7997	1
0	1974	7	2.00263	2.94961	1
0	1974	8	5.65291	2.34655	0
0	1974	9	5.09513	8.46873	0
0	1974	10	1.8937	5.87293	0
0	1974	11	1.98808	2.6567	0
0	1974	12	1.77563	7.7114	0
0	1975	1	4.75363	4.35237	2
0	1975	2	4.87894	2.5856	0
0	1975	3	1.78296	3.46666	1
0	1975	4	2.66127	5.274	0
22	1975	5	1.56536	4.42851	1
0	1975	6	1.04863	3.7138	1
0	1975	7	5.13177	3.96672	0
0	1975	8	1.85957	2.91281	0
0	1975	9	1.4234	8.14138	0
0	1975	10	1.3232	4.43128	0
0	1975	11	4.77365	4.50164	0
0	1975	12	2.10182	4.18768	0
0	1976	1	1.86948	1.88165	0
0	1976	2	4.78187	7.05647	1
0	1976	3	2.3864	5.30298	0
58	1976	4	4.73162	4.7997	1
24	1976	5	2.00263	2.94961	1
0	1976	6	5.65291	2.34655	0
0	1976	7	5.09513	8.46873	0
0	1976	8	1.8937	5.87293	0
0	1976	9	1.98808	2.6567	0
0	1976	10	1.77563	7.7114	0
0	1976	11	5.29579	4.35237	0
0	1976	12	5.28595	2.75095	0
0	1977	1	1.78296	2.74724	1
0	1977	2	2.66127	5.274	0
0	1977	3	1.56536	4.42851	1
0	1977	4	1.04863	3.7138	1
0	1977	5	5.13177	3.96672	0
0	1977	6	1.85957	2.91281	0
0	1977	7	1.4234	8.14138	0
0	1977	8	1.3232	4.43128	0
0	1977	9	4.77365	4.50164	0
0	1977	10	2.10182	4.18768	0
0	1977	11	1.68718	1.88165	0
0	1977	12	1.57102	8.25046	0
0	1978	1	2.3864	9.02733	0
0	1978	2	4.73162	4.7997	1
0	1978	3	2.00263	2.94961	1
0	1978	4	5.65291	2.34655	0
0	1978	5	5.09513	8.46873	0
0	1978	6	1.8937	5.87293	0
0	1978	7	1.98808	2.6567	0
0	1978	8	1.77563	7.7114	0
0	1978	9	5.29579	4.35237	0
0	1978	10	5.28595	2.75095	0
0	1978	11	4.07526	2.74724	0
0	1978	12	1.36758	5.34083	2
0	1979	1	1.56536	3.2039	1
0	1979	2	1.04863	3.7138	1
0	1979	3	5.13177	3.96672	0
0	1979	4	1.85957	2.91281	0
0	1979	5	1.4234	8.14138	0
0	1979	6	1.3232	4.43128	0
0	1979	7	4.77365	4.50164	0
0	1979	8	2.10182	4.18768	0
0	1979	9	1.68718	1.88165	0
0	1979	10	1.57102	8.25046	0
20	1979	11	2.32745	9.02733	2
0	1979	12	2.39054	3.12906	1
0	1980	1	2.00263	3.78764	1
0	1980	2	5.65291	2.34655	0
0	1980	3	5.09513	8.46873	0
0	1980	4	1.8937	5.87293	0
0	1980	5	1.98808	2.6567	0
0	1980	6	1.77563	7.7114	0
0	1980	7	5.29579	4.35237	0
0	1980	8	5.28595	2.75095	0
0	1980	9	4.07526	2.74724	0
0	1980	10	1.36758	5.34083	2
0	1980	11	2.0143	3.2039	1
0	1980	12	4.47792	3.62363	0
0	1981	1	5.13177	5.76239	0
0	1981	2	1.85957	2.91281	0
0	1981	3	1.4234	8.14138	0
0	1981	4	1.3232	4.43128	0
0	1981	5	4.77365	4.50164	0
0	1981	6	2.10182	4.18768	0
0	1981	7	1.68718	1.88165	0
0	1981	8	1.57102	8.25046	0
0	1981	9	2.32745	9.02733	2
0	1981	10	2.39054	3.12906	1
0	1981	11	4.96492	3.78764	0
0	1981	12	5.54416	2.25606	1
0	1982	1	5.09513	3.06867	0
0	1982	2	1.8937	5.87293	0
0	1982	3	1.98808	2.6567	0
0	1982	4	1.77563	7.7114	0
0	1982	5	5.29579	4.35237	0
0	1982	6	5.28595	2.75095	0
0	1982	7	4.07526	2.74724	0
0	1982	8	1.36758	5.34083	2
0	1982	9	2.0143	3.2039	1
0	1982	10	4.47792	3.62363	0
0	1982	11	2.1057	5.76239	1
0	1982	12	5.75815	5.65688	0
0	1983	1	1.4234	6.96554	0
0	1983	2	1.3232	4.43128	0
0	1983	3	4.77365	4.50164	0
0	1983	4	2.10182	4.18768	0
0	1983	5	1.68718	1.88165	0
0	1983	6	1.57102	8.25046	0
10	1983	7	2.32745	9.02733	2
0	1983	8	2.39054	3.12906	1
0	1983	9	4.96492	3.78764	0
0	1983	10	5.54416	2.25606	1
0	1983	11	5.57485	3.06867	0
0	1983	12	4.54896	3.42626	1
0	1984	1	1.98808	8.35838	0
0	1984	2	1.77563	7.7114	0
0	1984	3	5.29579	4.35237	0
0	1984	4	5.28595	2.75095	0
0	1984	5	4.07526	2.74724	0
0	1984	6	1.36758	5.34083	2
0	1984	7	2.0143	3.2039	1
0	1984	8	4.47792	3.62363	0
0	1984	9	2.1057	5.76239	1
0	1984	10	5.75815	5.65688	0
0	1984	11	4.71568	6.96554	1
0	1984	12	2.10403	4.03551	0
0	1985	1	4.77365	10.4693	0
0	1985	2	2.10182	4.18768	0
0	1985	3	1.68718	1.88165	0
0	1985	4	1.57102	8.25046	0
0	1985	5	2.32745	9.02733	2
0	1985	6	2.39054	3.12906	1
0	1985	7	4.96492	3.78764	0
3	1985	8	5.54416	2.25606	1
0	1985	9	5.57485	3.06867	0
0	1985	10	4.54896	3.42626	1
0	1985	11	4.59733	8.35838	0
0	1985	12	4.63865	4.10756	0
0	1986	1	5.29579	3.15713	0
0	1986	2	5.28595	2.75095	0
0	1986	3	4.07526	2.74724	0
0	1986	4	1.36758	5.34083	2
0	1986	5	2.0143	3.2039	1
0	1986	6	4.47792	3.62363	0
0	1986	7	2.1057	5.76239	1
0	1986	8	5.75815	5.65688	0
196	1986	9	4.71568	6.96554	1
0	1986	10	2.10403	4.03551	0
0	1986	11	4.65779	10.4693	0
0	1986	12	5.13474	2.71825	2
0	1987	1	1.68718	1.33826	0
0	1987	2	1.57102	8.25046	0
0	1987	3	2.32745	9.02733	2
0	1987	4	2.39054	3.12906	1
0	1987	5	4.96492	3.78764	0
3	1987	6	5.54416	2.25606	1
0	1987	7	5.57485	3.06867	0
38	1987	8	4.54896	3.42626	1
0	1987	9	4.59733	8.35838	0
0	1987	10	4.63865	4.10756	0
0	1987	11	1.54955	3.15713	2
0	1987	12	1.68502	4.76926	1
0	1988	1	4.07526	3.45695	0
0	1988	2	1.36758	5.34083	2
0	1988	3	2.0143	3.2039	1
0	1988	4	4.47792	3.62363	0
0	1988	5	2.1057	5.76239	1
0	1988	6	5.75815	5.65688	0
0	1988	7	4.71568	6.96554	1
0	1988	8	2.10403	4.03551	0
0	1988	9	4.65779	10.4693	0
0	1988	10	5.13474	2.71825	2
0	1988	11	4.57701	1.33826	1
0	1988	12	4.69619	9.43451	0
0	1989	1	2.32745	8.93089	2
0	1989	2	2.39054	3.12906	1
0	1989	3	4.96492	3.78764	0
0	1989	4	5.54416	2.25606	1
0	1989	5	5.57485	3.06867	0
14	1989	6	4.54896	3.42626	1
0	1989	7	4.59733	8.35838	0
0	1989	8	4.63865	4.10756	0
0	1989	9	1.54955	3.15713	2
0	1989	10	1.68502	4.76926	1
0	1989	11	4.69619	3.45695	0
0	1989	12	2.01935	8.58824	0
0	1990	1	2.0143	8.51156	1
0	1990	2	4.47792	3.62363	0
0	1990	3	2.1057	5.76239	1
0	1990	4	5.75815	5.65688	0
0	1990	5	4.71568	6.96554	1
0	1990	6	2.10403	4.03551	0
0	1990	7	4.65779	10.4693	0
18	1990	8	5.13474	2.71825	2
0	1990	9	4.57701	1.33826	1
0	1990	10	4.69619	9.43451	0
0	1990	11	1.92899	8.93089	0
0	1990	12	1.61522	6.31304	0
0	1991	1	4.96492	4.06393	0
0	1991	2	5.54416	2.25606	1
0	1991	3	5.57485	3.06867	0
0	1991	4	4.54896	3.42626	1
0	1991	5	4.59733	8.35838	0
0	1991	6	4.63865	4.10756	0
0	1991	7	1.54955	3.15713	2
0	1991	8	1.68502	4.76926	1
0	1991	9	4.69619	3.45695	0
0	1991	10	2.01935	8.58824	0
0	1991	11	1.61522	8.51156	0
0	1991	12	1.20127	6.17494	0
0	1992	1	2.1057	6.24644	1
0	1992	2	5.75815	5.65688	0
0	1992	3	4.71568	6.96554	1
0	1992	4	2.10403	4.03551	0
0	1992	5	4.65779	10.4693	0
2	1992	6	5.13474	2.71825	2
0	1992	7	4.57701	1.33826	1
0	1992	8	4.69619	9.43451	0
0	1992	9	1.92899	8.93089	0
0	1992	10	1.61522	6.31304	0
0	1992	11	1.75972	4.06393	0
0	1992	12	1.78431	4.00483	2
0	1993	1	5.57485	5.08416	0
0	1993	2	4.54896	3.42626	1
0	1993	3	4.59733	8.35838	0
0	1993	4	4.63865	4.10756	0
0	1993	5	1.54955	3.15713	2
0	1993	6	1.68502	4.76926	1
0	1993	7	4.69619	3.45695	0
0	1993	8	2.01935	8.58824	0
0	1993	9	1.61522	8.51156	0
0	1993	10	1.20127	6.17494	0
0	1993	11	1.91638	6.24644	2
0	1993	12	1.7761	5.63928	0
0	1994	1	4.71568	11.0738	1
0	1994	2	2.10403	4.03551	0
0	1994	3	4.65779	10.4693	0
4	1994	4	5.13474	2.71825	2
0	1994	5	4.57701	1.33826	1
0	1994	6	4.69619	9.43451	0
0	1994	7	1.92899	8.93089	0
0	1994	8	1.61522	6.31304	0
0	1994	9	1.75972	4.06393	0
3	1994	10	1.78431	4.00483	2
0	1994	11	4.42801	5.08416	0
0	1994	12	4.95837	2.82422	0
0	1995	1	4.59733	3.73137	0
0	1995	2	4.63865	4.10756	0
0	1995	3	1.54955	3.15713	2
0	1995	4	1.68502	4.76926	1
0	1995	5	4.69619	3.45695	0
0	1995	6	2.01935	8.58824	0
0	1995	7	1.61522	8.51156	0
0	1995	8	1.20127	6.17494	0
0	1995	9	1.91638	6.24644	2
0	1995	10	1.7761	5.63928	0
0	1995	11	2.02818	11.0738	0
0	1995	12	5.92854	6.37048	0
0	1996	1	4.65779	3.49327	0
0	1996	2	5.13474	2.71825	2
0	1996	3	4.57701	1.33826	1
0	1996	4	4.69619	9.43451	0
0	1996	5	1.92899	8.93089	0
0	1996	6	1.61522	6.31304	0
0	1996	7	1.75972	4.06393	0
3	1996	8	1.78431	4.00483	2
0	1996	9	4.42801	5.08416	0
0	1996	10	4.95837	2.82422	0
0	1996	11	2.64624	3.73137	0
0	1996	12	1.58159	7.53864	1
0	1997	1	1.54955	3.87725	2
0	1997	2	1.68502	4.76926	1
0	1997	3	4.69619	3.45695	0
0	1997	4	2.01935	8.58824	0
0	1997	5	1.61522	8.51156	0
0	1997	6	1.20127	6.17494	0
4	1997	7	1.91638	6.24644	2
0	1997	8	1.7761	5.63928	0
0	1997	9	2.02818	11.0738	0
0	1997	10	5.92854	6.37048	0
0	1997	11	3.16032	3.49327	1
0	1997	12	5.08911	3.9127	1
0	1998	1	4.57701	7.12537	1
0	1998	2	4.69619	9.43451	0
0	1998	3	1.92899	8.93089	0
0	1998	4	1.61522	6.31304	0
0	1998	5	1.75972	4.06393	0
3	1998	6	1.78431	4.00483	2
0	1998	7	4.42801	5.08416	0
0	1998	8	4.95837	2.82422	0
0	1998	9	2.64624	3.73137	0
0	1998	10	1.58159	7.53864	1
0	1998	11	5.08911	3.87725	1
0	1998	12	4.90095	3.8525	2
0	1999	1	4.69619	4.45845	0
0	1999	2	2.01935	8.58824	0
0	1999	3	1.61522	8.51156	0
0	1999	4	1.20127	6.17494	0
2	1999	5	1.91638	6.24644	2
0	1999	6	1.7761	5.63928	0
0	1999	7	2.02818	11.0738	0
0	1999	8	5.92854	6.37048	0
0	1999	9	3.16032	3.49327	1
0	1999	10	5.08911	3.9127	1
0	1999	11	1.88909	7.12537	2
0	1999	12	5.43385	5.17274	0
0	2000	1	1.92899	6.40528	0
0	2000	2	1.61522	6.31304	0
0	2000	3	1.75972	4.06393	0
0	2000	4	1.78431	4.00483	2
0	2000	5	4.42801	5.08416	0
0	2000	6	4.95837	2.82422	0
0	2000	7	2.64624	3.73137	0
10	2000	8	1.58159	7.53864	1
0	2000	9	5.08911	3.87725	1
0	2000	10	4.90095	3.8525	2
0	2000	11	5.35855	4.45845	0
0	2000	12	2.01239	16.5982	1
0	2001	1	1.61522	1.91107	0
0	2001	2	1.20127	6.17494	0
0	2001	3	1.91638	6.24644	2
0	2001	4	1.7761	5.63928	0
0	2001	5	2.02818	11.0738	0
0	2001	6	5.92854	6.37048	0
0	2001	7	3.16032	3.49327	1
0	2001	8	5.08911	3.9127	1
0	2001	9	1.88909	7.12537	2
0	2001	10	5.43385	5.17274	0
0	2001	11	1.44012	6.40528	1
0	2001	12	2.34849	4.89203	0
0	2002	1	1.75972	1.16839	0
0	2002	2	1.78431	4.00483	2
0	2002	3	4.42801	5.08416	0
0	2002	4	4.95837	2.82422	0
0	2002	5	2.64624	3.73137	0
0	2002	6	1.58159	7.53864	1
0	2002	7	5.08911	3.87725	1
0	2002	8	4.90095	3.8525	2
0	2002	9	5.35855	4.45845	0
57	2002	10	2.01239	16.5982	1
0	2002	11	4.86777	1.91107	0
0	2002	12	4.83749	4.26219	1
0	2003	1	1.91638	2.71181	2
0	2003	2	1.7761	5.63928	0
0	2003	3	2.02818	11.0738	0
0	2003	4	5.92854	6.37048	0
0	2003	5	3.16032	3.49327	1
0	2003	6	5.08911	3.9127	1
0	2003	7	1.88909	7.12537	2
0	2003	8	5.43385	5.17274	0
0	2003	9	1.44012	6.40528	1
0	2003	10	2.34849	4.89203	0
0	2003	11	4.89979	1.16839	1
0	2003	12	1.76673	13.6536	0
0	2004	1	4.42801	8.54167	0
0	2004	2	4.95837	2.82422	0
0	2004	3	2.64624	3.73137	0
0	2004	4	1.58159	7.53864	1
0	2004	5	5.08911	3.87725	1
0	2004	6	4.90095	3.8525	2
0	2004	7	5.35855	4.45845	0
5	2004	8	2.01239	16.5982	1
0	2004	9	4.86777	1.91107	0
0	2004	10	4.83749	4.26219	1
0	2004	11	4.18766	2.71181	0
0	2004	12	4.92753	7.24266	1
0	2005	1	2.02818	4.61924	0
0	2005	2	5.92854	6.37048	0
0	2005	3	3.16032	3.49327	1
0	2005	4	5.08911	3.9127	1
0	2005	5	1.88909	7.12537	2
0	2005	6	5.43385	5.17274	0
0	2005	7	1.44012	6.40528	1
0	2005	8	2.34849	4.89203	0
0	2005	9	4.89979	1.16839	1
0	2005	10	1.76673	13.6536	0
0	2005	11	1.91278	8.54167	1
0	2005	12	5.49586	3.73024	0
0	2006	1	2.64624	3.43644	0
0	2006	2	1.58159	7.53864	1
0	2006	3	5.08911	3.87725	1
0	2006	4	4.90095	3.8525	2
0	2006	5	5.35855	4.45845	0
0	2006	6	2.01239	16.5982	1
0	2006	7	4.86777	1.91107	0
0	2006	8	4.83749	4.26219	1
0	2006	9	4.18766	2.71181	0
0	2006	10	4.92753	7.24266	1
0	2006	11	2.06314	4.61924	0
0	2006	12	4.97602	8.5948	4
0	2007	1	3.16032	4.06721	1
0	2007	2	5.08911	3.9127	1
0	2007	3	1.88909	7.12537	2
0	2007	4	5.43385	5.17274	0
0	2007	5	1.44012	6.40528	1
0	2007	6	2.34849	4.89203	0
0	2007	7	4.89979	1.16839	1
0	2007	8	1.76673	13.6536	0
0	2007	9	1.91278	8.54167	1
0	2007	10	5.49586	3.73024	0
0	2007	11	1.95599	3.43644	4
0	2007	12	1.98803	6.00612	0
0	2008	1	5.08911	4.61666	1
0	2008	2	4.90095	3.8525	2
0	2008	3	5.35855	4.45845	0
0	2008	4	2.01239	16.5982	1
0	2008	5	4.86777	1.91107	0
0	2008	6	4.83749	4.26219	1
0	2008	7	4.18766	2.71181	0
0	2008	8	4.92753	7.24266	1
0	2008	9	2.06314	4.61924	0
0	2008	10	4.97602	8.5948	4
0	2008	11	1.98803	4.06721	0
0	2008	12	4.31099	5.50789	0
0	2009	1	1.88909	4.55702	2
0	2009	2	5.43385	5.17274	0
0	2009	3	1.44012	6.40528	1
0	2009	4	2.34849	4.89203	0
0	2009	5	4.89979	1.16839	1
0	2009	6	1.76673	13.6536	0
0	2009	7	1.91278	8.54167	1
0	2009	8	5.49586	3.73024	0
0	2009	9	1.95599	3.43644	4
0	2009	10	1.98803	6.00612	0
0	2009	11	6.12387	4.61666	0
0	2009	12	5.00437	7.63443	1
0	2010	1	5.35855	3.29741	0
0	2010	2	2.01239	16.5982	1
0	2010	3	4.86777	1.91107	0
0	2010	4	4.83749	4.26219	1
0	2010	5	4.18766	2.71181	0
0	2010	6	4.92753	7.24266	1
0	2010	7	2.06314	4.61924	0
0	2010	8	4.97602	8.5948	4
0	2010	9	1.98803	4.06721	0
0	2010	10	4.31099	5.50789	0
0	2010	11	1.98126	4.55702	1
0	2010	12	5.21491	12.1444	1
0	2011	1	1.44012	3.28407	1
0	2011	2	2.34849	4.89203	0
0	2011	3	4.89979	1.16839	1
0	2011	4	1.76673	13.6536	0
0	2011	5	1.91278	8.54167	1
0	2011	6	5.49586	3.73024	0
0	2011	7	1.95599	3.43644	4
0	2011	8	1.98803	6.00612	0
0	2011	9	6.12387	4.61666	0
0	2011	10	5.00437	7.63443	1
0	2011	11	1.15178	3.29741	1
0	2011	12	2.232	12.3627	0
0	2012	1	4.86777	6.01149	0
0	2012	2	4.83749	4.26219	1
0	2012	3	4.18766	2.71181	0
0	2012	4	4.92753	7.24266	1
0	2012	5	2.06314	4.61924	0
0	2012	6	4.97602	8.5948	4
0	2012	7	1.98803	4.06721	0
0	2012	8	4.31099	5.50789	0
595	2012	9	1.98126	4.55702	1
0	2012	10	5.21491	12.1444	1
0	2012	11	0.988722	3.28407	0
0	2012	12	1.41519	9.23153	0
0	2013	1	4.89979	2.59147	1
0	2013	2	1.76673	13.6536	0
0	2013	3	1.91278	8.54167	1
0	2013	4	5.49586	3.73024	0
0	2013	5	1.95599	3.43644	4
0	2013	6	1.98803	6.00612	0
0	2013	7	6.12387	4.61666	0
2	2013	8	5.00437	7.63443	1
0	2013	9	1.15178	3.29741	1
0	2013	10	2.232	12.3627	0
0	2013	11	2.55436	6.01149	0
0	2013	12	5.43174	2.91767	1
0	2014	1	4.18766	30.4821	0
0	2014	2	4.92753	7.24266	1
0	2014	3	2.06314	4.61924	0
0	2014	4	4.97602	8.5948	4
0	2014	5	1.98803	4.06721	0
0	2014	6	4.31099	5.50789	0
1	2014	7	1.98126	4.55702	1
0	2014	8	5.21491	12.1444	1
0	2014	9	0.988722	3.28407	0
0	2014	10	1.41519	9.23153	0
0	2014	11	2.27898	2.59147	1
0	2014	12	4.12907	8.32615	0
0	2015	1	1.91278	3.40517	1
0	2015	2	5.49586	3.73024	0
0	2015	3	1.95599	3.43644	4
0	2015	4	1.98803	6.00612	0
0	2015	5	6.12387	4.61666	0
0	2015	6	5.00437	7.63443	1
0	2015	7	1.15178	3.29741	1
0	2015	8	2.232	12.3627	0
0	2015	9	2.55436	6.01149	0
0	2015	10	5.43174	2.91767	1
0	2015	11	1.19408	30.4821	0
0	2015	12	4.95784	1.29905	0
0	2016	1	2.06314	17.4074	0
0	2016	2	4.97602	8.5948	4
0	2016	3	1.98803	4.06721	0
0	2016	4	4.31099	5.50789	0
0	2016	5	1.98126	4.55702	1
0	2016	6	5.21491	12.1444	1
0	2016	7	0.988722	3.28407	0
0	2016	8	1.41519	9.23153	0
0	2016	9	2.27898	2.59147	1
0	2016	10	4.12907	8.32615	0
0	2016	11	2.26263	3.40517	0
0	2016	12	2.58584	4.40059	0
0	2017	1	1.95599	8.07901	4
0	2017	2	1.98803	6.00612	0
0	2017	3	6.12387	4.61666	0
0	2017	4	5.00437	7.63443	1
0	2017	5	1.15178	3.29741	1
0	2017	6	2.232	12.3627	0
0	2017	7	2.55436	6.01149	0
0	2017	8	5.43174	2.91767	1
0	2017	9	1.19408	30.4821	0
0	2017	10	4.95784	1.29905	0
0	2017	11	5.19422	17.4074	0
0	2017	12	2.12973	13.7269	0
0	2018	1	1.98803	4.28293	0
0	2018	2	4.31099	5.50789	0
0	2018	3	1.98126	4.55702	1
0	2018	4	5.21491	12.1444	1
0	2018	5	0.988722	3.28407	0
0	2018	6	1.41519	9.23153	0
0	2018	7	2.27898	2.59147	1
0	2018	8	4.12907	8.32615	0
0	2018	9	2.26263	3.40517	0
0	2018	10	2.58584	4.40059	0
0	2018	11	1.98808	8.07901	0
0	2018	12	2.39314	4.92672	1
0	2019	1	6.12387	6.35378	0
0	2019	2	5.00437	7.63443	1
0	2019	3	1.15178	3.29741	1
0	2019	4	2.232	12.3627	0
0	2019	5	2.55436	6.01149	0
0	2019	6	5.43174	2.91767	1
0	2019	7	1.19408	30.4821	0
0	2019	8	4.95784	1.29905	0
0	2019	9	5.19422	17.4074	0
0	2019	10	2.12973	13.7269	0
0	2019	11	5.22971	4.28293	1
0	2019	12	1.11846	11.5759	0
0	2020	1	1.98126	7.60636	1
0	2020	2	5.21491	12.1444	1
0	2020	3	0.988722	3.28407	0
0	2020	4	1.41519	9.23153	0
0	2020	5	2.27898	2.59147	1
0	2020	6	4.12907	8.32615	0
0	2020	7	2.26263	3.40517	0
0	2020	8	2.58584	4.40059	0
0	2020	9	1.98808	8.07901	0
0	2020	10	2.39314	4.92672	1
0	2020	11	5.82916	6.35378	0
0	2020	12	5.96387	4.01507	0
0	2021	1	1.15178	7.76821	1
0	2021	2	2.232	12.3627	0
0	2021	3	2.55436	6.01149	0
0	2021	4	5.43174	2.91767	1
0	2021	5	1.19408	30.4821	0
0	2021	6	4.95784	1.29905	0
0	2021	7	5.19422	17.4074	0
0	2021	8	2.12973	13.7269	0
0	2021	9	5.22971	4.28293	1
